#76225 Chihuahua, Chih. Observations at 12Z 15 Feb 2017
#-----------------------------------------------------------------------------
#   PRES   HGHT   TEMP   DWPT   RELH   MIXR   DRCT   SKNT   THTA   THTE   THTV
#    hPa     m      C      C      %    g/kg    deg   knot     K      K      K 
#-----------------------------------------------------------------------------
# 1000.0    212                                                               
#  925.0    863                                                               
  865.0   1372    6.2    1.2     70   4.85     45      7  291.2  305.4  292.0
  864.0   1384    5.6   -4.4     49   3.21     42      7  290.6  300.2  291.2
  856.0   1483    4.7   -3.6     55   3.44     20      7  290.5  300.7  291.1
  850.0   1558    4.0   -3.0     60   3.62     20      8  290.3  301.1  291.0
  795.0   2098   -0.6   -3.8     79   3.65     35      9  291.0  301.9  291.7
  780.0   2251   -1.9   -4.0     86   3.66     26      9  291.2  302.1  291.9
  737.0   2701   -3.9   -4.7     94   3.68      0     10  293.8  304.8  294.4
  713.0   2964   -5.1   -5.1    100   3.69    356      7  295.2  306.4  295.9
  709.0   3008   -4.7   -4.7    100   3.83    355      7  296.2  307.8  296.9
  700.0   3109   -3.7   -3.7    100   4.18    340      3  298.4  311.1  299.1
  692.0   3200   -3.5   -3.5    100   4.29    279      4  299.6  312.7  300.3
  683.0   3303   -4.0   -4.3     98   4.09    210      5  300.1  312.7  300.9
  628.0   3965   -7.3   -9.5     84   2.98    229     13  303.6  313.1  304.2
  586.0   4498  -11.0  -13.6     82   2.30    245     20  305.4  312.8  305.8
  545.0   5057  -14.9  -17.8     79   1.74    254     20  307.1  312.9  307.5
  511.0   5545  -15.5  -16.8     90   2.02    262     21  312.1  318.9  312.5
  500.0   5710  -16.3  -18.3     85   1.82    265     21  313.1  319.2  313.4
  439.0   6670  -23.1  -25.4     81   1.11    253     28  316.4  320.3  316.6
  400.0   7340  -28.5  -31.1     78   0.72    245     33  317.9  320.5  318.0
  324.0   8811  -41.7  -45.3     68   0.21    241     40  319.4  320.2  319.4
  315.0   9001  -42.9  -48.6     54   0.15    240     41  320.2  320.8  320.3
  301.0   9308  -44.9  -53.9     36   0.08    249     48  321.7  322.0  321.7
  300.0   9330  -44.9  -53.9     36   0.08    250     48  322.0  322.3  322.0
  252.0  10479  -53.7  -61.7     37   0.04    245     58  325.4  325.5  325.4
  250.0  10530  -53.5  -62.5     32   0.03    245     58  326.4  326.6  326.4
  239.0  10817  -52.5  -66.5     17   0.02    245     59  332.1  332.2  332.1
  200.0  11950  -54.9  -69.9     14   0.02    245     65  345.7  345.7  345.7
  199.0  11982  -55.0  -70.0     14   0.02    245     65  346.0  346.1  346.0
  177.0  12732  -56.9  -72.9     12   0.01    252     62  354.7  354.7  354.7
  157.0  13498  -55.5  -71.5     12   0.02    260     59  369.4  369.5  369.4
  150.0  13790  -56.3  -72.3     12   0.01    260     54  372.9  372.9  372.9
  108.0  15831  -63.9  -77.9     13   0.01    265     42  395.2  395.3  395.2
  107.0  15888  -64.0  -78.0     13   0.01    270     43  396.2  396.2  396.2
  100.0  16300  -64.3  -78.3     13   0.01    280     44  403.2  403.3  403.2
   88.0  17085  -62.7  -78.3     11   0.01    290     36  421.5  421.6  421.5
   85.6  17255  -62.3  -78.3     10   0.01    283     33  425.6  425.6  425.6
   80.0  17667  -64.1  -79.1     11   0.01    265     26  430.1  430.2  430.1
   72.0  18308  -66.9  -80.4     13   0.01    300     18  437.3  437.4  437.3
   70.0  18480  -67.7  -80.7     14   0.01    300     19  439.2  439.3  439.2
   67.5  18698  -68.9  -80.9     16   0.01    300     20  441.2  441.3  441.2
   62.0  19208  -67.6  -80.7     14   0.01    300     18  454.9  455.0  454.9
   57.7  19640  -66.5  -80.5     12   0.01    311     15  466.9  466.9  466.9
   52.7  20185  -68.5  -80.5     16   0.01    325     11  474.5  474.6  474.5
   51.0  20382  -68.5  -80.5     16   0.01    330      9  478.9  479.0  478.9
   50.0  20500  -68.5  -80.5     16   0.01    315      7  481.6  481.7  481.7
   47.9  20758  -68.1  -81.1     14   0.01    282      5  488.6  488.6  488.6
   46.0  21005  -65.6  -79.8     12   0.01    250      3  500.3  500.4  500.3
   44.9  21152  -64.1  -79.1     11   0.02    217      7  507.4  507.5  507.4
   44.0  21276  -64.2  -78.9     12   0.02    190     10  510.1  510.2  510.1
   42.0  21561  -64.4  -78.4     13   0.02    275      5  516.3  516.5  516.3
   40.0  21860  -64.7  -77.9     15   0.02    335     14  522.9  523.1  523.0
   38.0  22175  -64.9  -77.4     16   0.03    355     23  530.0  530.2  530.0
   36.8  22371  -65.1  -77.1     18   0.03      1     20  534.5  534.7  534.5
   36.0  22507  -64.1  -76.8     16   0.03      5     18  540.5  540.7  540.5
   34.0  22860  -61.5  -76.1     13   0.04     30      5  556.3  556.6  556.3
   33.6  22933  -60.9  -75.9     12   0.04      8      3  559.6  559.9  559.6
   33.0  23046  -60.9  -75.5     13   0.04    335      1  562.4  562.8  562.4
   31.0  23436  -61.0  -73.9     17   0.06     55      5  572.3  572.7  572.3
   30.0  23640  -61.1  -73.1     19   0.06     40      7  577.5  578.0  577.5
   28.5  23958  -61.7  -72.7     22   0.07     66      5  584.4  585.0  584.4
   28.0  24069  -61.2  -72.5     21   0.08     75      4  588.6  589.2  588.6
   27.0  24296  -60.3  -72.0     20   0.08     15     10  597.4  598.1  597.4
   26.0  24532  -59.3  -71.5     19   0.09     50      9  606.6  607.4  606.6
   24.4  24928  -57.7  -70.7     18   0.11    283      8  622.4  623.4  622.5
   24.0                                       250      8                     
#Station information and sounding indices
#
#                             Station number: 76225
#                           Observation time: 170215/1200
#                           Station latitude: 28.67
#                          Station longitude: -106.02
#                          Station elevation: 1372.0
#                            Showalter index: 11.94
#                               Lifted index: 11.90
#    LIFT computed using virtual temperature: 12.07
#                                SWEAT index: 37.00
#                                    K index: 17.30
#                         Cross totals index: 13.30
#                      Vertical totals index: 20.30
#                        Totals totals index: 33.60
#      Convective Available Potential Energy: 0.00
#             CAPE using virtual temperature: 0.00
#                      Convective Inhibition: 0.00
#             CINS using virtual temperature: 0.00
#                     Bulk Richardson Number: 0.00
#          Bulk Richardson Number using CAPV: 0.00
#  Temp [K] of the Lifted Condensation Level: 268.43
#Pres [hPa] of the Lifted Condensation Level: 758.26
#     Mean mixed layer potential temperature: 290.52
#              Mean mixed layer mixing ratio: 3.58
#              1000 hPa to 500 hPa thickness: 5498.00
#Precipitable water [mm] for entire sounding: 13.45
